99
2525 1
2400 5
300 2
120 60
60 90
515613746 1
320720368 6256
313593621 1
11281212 7708
890245462 1
542015607 2978
670745266 1
268942838 5896
853519701 1
436757162 4472
293025678 1
71849200 44
377412136 1
101819795 5211
385337383 1
35017954 1190
121187457 1
12473851 7723
307050361 1
107319235 906
1000000000 1
1 1
211177944 1
39083971 4631
233922897 1
58574042 8149
265855812 1
107572871 3503
802440039 1
233268401 9213
948703306 1
767751605 3349
856841553 1
725718147 7049
24003073 1
9783816 3510
243504090 1
68072365 8568
15142253 1
3469878 7822
557893261 1
8846810 3893
160564252 1
69130339 2091
219357275 1
79762256 1991
1000000000 2
200 10000
100 10000
746363350 1
194937451 7941
1000000000 1
999999999 10000
370601790 1
211928095 9810
988967356 1
893180761 1102
778217749 1
449930021 1155
367584642 1
294070985 5259
200000 2
5001 1
5000 7
515180330 1
43808903 1118
794379458 1
511215784 2832
3031927 1
180657 7894
322456481 1
162200272 4859
358912172 1
271591055 442
313607653 1
30119048 2835
421427164 1
221893293 6008
905845264 1
4616682 8514
581554313 1
273434868 4378
220944858 1
2344243 3007
1000000000 2
999000000 1
998000000 1
469128057 1
308495874 2787
539783915 1
447264699 4602
769752046 1
545543910 848
279071467 1
125118838 4685
1000000000 1
999999999 1
2 1
1 1
446846186 2
401136103 8168
435972955 502
366961743 1
122302923 1408
954164075 1
406763478 2124
632687297 1
18943966 3295
211470685 1
160133534 9452
939664145 1
390675855 1820
1000000000 2
999000000 10000
998000000 10000
501317547 1
97053351 2571
971777166 1
95345334 7075
980776825 1
955855633 360
980901960 1
403032833 7748
259085121 1
45995068 9856
1000000000 2
999999998 3
999999999 2
388538150 1
367375965 921
1000000000 2
1 3
2 2
427791273 1
329430254 2349
41289831 1
37100229 7225
847058972 1
757932599 9971
922608618 1
191420518 2520
1000000000 2
12345675 3
12345676 2
1000000000 1
1 10000
1000000000 2
999999996 3
999999997 2
843309748 1
169360299 6283
439513508 1
187590718 1921
951278926 1
294722401 8754
840667805 1
651628491 190
490689629 1
390862781 5937
955379176 1
118250393 9550
905262108 1
117142410 7522
761641343 1
586744109 7404
2 1
1 10000
1000000000 2
999999997 3
999999998 2
284549057 1
139947780 3601
571460291 1
87361021 2082
806604801 1
478553075 907
732480002 1
727270559 1462
140430169 1
53296605 7730
190524230 1
24326928 4640
124322437 1
636275 8847
335511934 2
233907443 1332
67113379 3513
199522905 1
35253036 4129
2161159 1
1334625 4028
117277972 1
6671352 5164
282623507 1
82491643 4649
748801135 1
447470418 5702
500670005 1
181837478 8901
979069779 1
100738593 7033
48940975 1
19392154 6154
376604987 1
56696222 5381
