100
6 2 0 2 0 2 0
3 1 0 2 0 0 0
6 2 0 1 1 2 0
4 0 0 2 0 0 2
4 1 0 2 0 1 0
8 2 1 2 1 1 1
998 250 0 250 249 0 249
4 0 0 3 0 0 1
8 2 1 1 1 2 1
7 2 1 2 1 0 1
849 213 53 160 210 53 160
15 3 2 3 2 3 2
14 3 2 3 2 3 1
914 70 0 37 0 807 0
5 0 2 0 0 3 0
874 367 53 19 364 55 16
7 2 0 2 1 1 1
854 209 213 7 206 215 4
879 277 35 128 277 37 125
863 44 141 248 42 143 245
3 1 0 1 0 1 0
6 2 0 2 1 1 0
6 3 0 0 0 3 0
999 332 1 332 1 332 1
7 2 1 0 1 3 0
798 9 76 315 8 77 313
4 1 0 2 0 0 1
1000 500 0 500 0 0 0
999 0 0 499 0 500 0
772 193 145 50 192 145 47
1000 250 0 500 0 250 0
999 500 0 249 0 250 0
412 87 24 95 84 27 95
6 0 1 2 0 2 1
4 2 0 1 0 1 0
997 3 248 249 0 249 248
398 34 141 25 33 142 23
8 1 1 2 1 2 1
999 499 0 0 500 0 0
4 0 0 2 1 0 1
7 2 0 2 1 2 0
1000 500 0 0 500 0 0
243 42 0 90 0 111 0
1000 0 0 499 0 501 0
7 2 0 3 0 2 0
8 2 1 2 1 2 0
587 124 120 50 123 122 48
7 2 0 3 1 1 0
773 361 20 6 360 22 4
999 0 0 500 0 0 499
843 209 14 199 208 15 198
642 221 0 282 0 139 0
632 42 226 49 41 228 46
406 106 52 46 106 52 44
16 3 2 3 3 3 2
996 250 248 0 248 250 0
999 499 0 250 0 250 0
556 118 0 4 0 434 0
925 356 0 496 0 73 0
3 0 2 0 0 1 0
5 2 0 0 2 1 0
9 3 1 2 0 2 1
5 2 0 0 0 3 0
3 0 0 2 0 0 1
4 1 0 1 0 2 0
7 0 1 2 1 2 1
12 3 1 3 1 3 1
274 11 88 39 11 89 36
999 167 166 167 166 167 166
1000 1 0 499 0 500 0
999 1 249 250 0 250 249
1000 250 249 2 249 250 0
685 137 2 205 134 5 202
5 1 0 3 0 1 0
7 2 1 0 1 2 1
4 0 2 0 0 2 0
4 2 0 2 0 0 0
5 2 0 2 0 0 1
929 247 177 42 245 177 41
999 333 0 333 0 333 0
999 499 0 1 0 499 0
966 168 130 185 167 133 183
998 166 166 167 166 167 166
3 3 0 0 0 0 0
587 212 57 25 210 59 24
82 9 16 17 7 16 17
964 56 187 241 53 187 240
272 13 118 6 11 121 3
253 76 50 1 73 53 0
617 162 0 175 0 280 0
13 3 1 3 2 3 1
7 2 0 2 1 0 2
6 3 0 2 0 1 0
302 15 57 78 15 59 78
4 3 0 1 0 0 0
146 59 9 6 56 12 4
5 2 0 1 1 1 0
1000 333 0 333 0 334 0
6 0 1 3 0 2 0
5 0 1 2 0 1 1
