99
6 2 0 2 0 2 0
3 1 0 2 0 0 0
326 102 0 104 0 120 0
389 30 0 176 0 183 0
3 1 0 1 0 1 0
765 90 0 313 0 362 0
852 585 0 215 0 52 0
4 2 0 1 0 1 0
687 34 0 335 0 318 0
674 62 0 309 0 303 0
684 222 0 332 0 130 0
646 293 0 266 0 87 0
257 78 0 53 0 126 0
6 3 0 2 0 1 0
672 280 0 205 0 187 0
927 399 0 156 0 372 0
352 117 0 169 0 66 0
435 115 0 64 0 256 0
4 1 0 1 0 2 0
426 1 0 91 0 334 0
999 1 0 499 0 499 0
3 0 0 3 0 0 0
112 24 0 37 0 51 0
225 95 0 83 0 47 0
203 80 0 42 0 81 0
673 297 0 327 0 49 0
160 59 0 51 0 50 0
1000 501 0 499 0 0 0
4 1 0 0 0 3 0
3 2 0 0 0 1 0
104 24 0 52 0 28 0
856 266 0 388 0 202 0
585 63 0 276 0 246 0
1000 250 0 250 0 500 0
343 112 0 124 0 107 0
225 67 0 73 0 85 0
1000 500 0 500 0 0 0
907 436 0 226 0 245 0
181 41 0 77 0 63 0
623 105 0 254 0 264 0
809 374 0 375 0 60 0
860 397 0 202 0 261 0
517 251 0 11 0 255 0
447 58 0 211 0 178 0
4 2 0 2 0 0 0
824 142 0 277 0 405 0
290 71 0 104 0 115 0
937 447 0 457 0 33 0
653 217 0 258 0 178 0
750 289 0 160 0 301 0
999 249 0 500 0 250 0
156 70 0 28 0 58 0
350 3 0 291 0 56 0
731 288 0 333 0 110 0
4 2 0 0 0 2 0
83 14 0 38 0 31 0
707 257 0 334 0 116 0
658 328 0 58 0 272 0
844 234 0 226 0 384 0
7 3 0 2 0 2 0
789 229 0 151 0 409 0
338 107 0 66 0 165 0
450 216 0 220 0 14 0
5 2 0 0 0 3 0
495 45 0 203 0 247 0
967 461 0 315 0 191 0
987 165 0 471 0 351 0
438 209 0 137 0 92 0
744 366 0 225 0 153 0
4 1 0 2 0 1 0
450 223 0 160 0 67 0
813 402 0 226 0 185 0
719 162 0 317 0 240 0
697 316 0 102 0 279 0
5 1 0 1 0 3 0
554 116 0 185 0 253 0
846 149 0 345 0 352 0
17 7 0 8 0 2 0
6 3 0 0 0 3 0
992 100 0 770 0 122 0
999 250 0 499 0 250 0
634 173 0 417 0 44 0
126 2 0 37 0 87 0
839 288 0 341 0 210 0
1000 1 0 500 0 499 0
183 35 0 143 0 5 0
831 409 0 238 0 184 0
580 117 0 206 0 257 0
5 2 0 2 0 1 0
881 362 0 269 0 250 0
999 499 0 0 0 500 0
886 435 0 291 0 160 0
671 304 0 199 0 168 0
652 311 0 263 0 78 0
446 94 0 61 0 291 0
999 333 0 333 0 333 0
1000 333 0 333 0 334 0
103 19 0 40 0 44 0
606 162 0 218 0 226 0
