99
6 2 0 2 0 2 0
3 1 0 2 0 0 0
290 119 0 49 0 122 0
561 278 0 188 0 95 0
626 208 0 169 0 249 0
664 233 0 234 0 197 0
978 187 0 406 0 385 0
653 201 0 270 0 182 0
231 26 0 106 0 99 0
889 64 0 414 0 411 0
576 47 0 435 0 94 0
815 70 0 397 0 348 0
970 368 0 272 0 330 0
318 91 0 159 0 68 0
230 16 0 72 0 142 0
932 327 0 373 0 232 0
741 316 0 159 0 266 0
659 169 0 167 0 323 0
6 1 0 3 0 2 0
999 250 0 250 0 499 0
999 500 0 250 0 249 0
407 168 0 130 0 109 0
818 366 0 374 0 78 0
880 191 0 421 0 268 0
464 202 0 116 0 146 0
1000 500 0 250 0 250 0
198 92 0 22 0 84 0
566 53 0 486 0 27 0
6 0 0 3 0 3 0
157 63 0 59 0 35 0
129 48 0 58 0 23 0
516 65 0 258 0 193 0
655 322 0 263 0 70 0
70 33 0 26 0 11 0
5 0 0 2 0 3 0
959 340 0 308 0 311 0
87 36 0 43 0 8 0
107 24 0 31 0 52 0
40 2 0 19 0 19 0
880 283 0 434 0 163 0
679 215 0 215 0 249 0
3 0 0 0 0 3 0
607 239 0 127 0 241 0
118 46 0 41 0 31 0
466 135 0 180 0 151 0
38 3 0 6 0 29 0
999 0 0 499 0 500 0
5 1 0 1 0 3 0
4 1 0 2 0 1 0
219 106 0 55 0 58 0
999 1 0 499 0 499 0
987 485 0 393 0 109 0
382 110 0 89 0 183 0
4 2 0 2 0 0 0
999 333 0 333 0 333 0
8 4 0 4 0 0 0
4 2 0 1 0 1 0
576 194 0 257 0 125 0
641 130 0 202 0 309 0
483 180 0 108 0 195 0
122 54 0 51 0 17 0
4 0 0 1 0 3 0
204 91 0 96 0 17 0
153 47 0 72 0 34 0
645 493 0 132 0 20 0
1000 333 0 334 0 333 0
496 159 0 207 0 130 0
335 146 0 30 0 159 0
345 70 0 155 0 120 0
288 53 0 232 0 3 0
532 208 0 217 0 107 0
592 286 0 190 0 116 0
534 252 0 117 0 165 0
1000 500 0 500 0 0 0
1000 1 0 499 0 500 0
854 288 0 348 0 218 0
876 104 0 372 0 400 0
4 1 0 1 0 2 0
721 163 0 289 0 269 0
770 308 0 176 0 286 0
470 208 0 194 0 68 0
71 1 0 69 0 1 0
1000 0 0 501 0 499 0
827 272 0 217 0 338 0
263 36 0 178 0 49 0
709 485 0 28 0 196 0
214 0 0 107 0 107 0
880 335 0 373 0 172 0
200 34 0 88 0 78 0
321 146 0 23 0 152 0
7 2 0 2 0 3 0
5 2 0 2 0 1 0
690 275 0 260 0 155 0
525 246 0 84 0 195 0
949 433 0 404 0 112 0
917 195 0 339 0 383 0
558 136 0 276 0 146 0
144 4 0 3 0 137 0
3 1 0 1 0 1 0
