100
2 1
100 20
200 10
2 2
100 20
200 10
3 2
100 10
100 10
100 10
4 2
9 3
7 1
10 1
8 4
7 4
597959 162713
276622 351728
480748 202384
492624 197505
112132 867689
238405 408111
156282 622565
2 1
10640 83
3199 303214
6 4
3981 391320
3522 395637
18055 59
3862 338909
10256 38
3278 337657
9 5
233864 35343
8602 960876
65688 125829
35343 233864
280071 29512
23188 356454
240219 34408
248952 33201
38709 213528
4 3
108654 234793
533038 47860
358248 71211
75731 336866
2 1
276315 288047
988005 80558
2 1
12065 52
3537 374962
7 3
756500 667124
686325 981668
224876 373624
10469 198939
173549 967559
929235 71337
8656 112408
6 3
56775 899234
823512 40257
883873 419443
519173 205325
800724 611898
183897 358648
7 5
29908 2486
261624 16
26903 2305
24304 2074
28960 2283
265640 30
24032 2005
3 2
382571 144072
847757 65016
183954 299628
5 3
574951 104663
873155 68918
736784 81674
103175 583243
795938 75604
4 3
81432 45353
902538 4092
5148 717402
62244 59334
2 1
3397 320842
10138 92
5 2
171858 429600
784406 342785
645901 399519
314119 552751
868783 579610
5 2
3519 397938
13300 72
3047 397134
14464 79
3795 395303
2 1
723687 100852
317840 229629
10 6
49364 731538
190404 189658
758632 47601
455886 79212
37107 973176
179676 200982
45756 789222
325128 111069
62307 579576
94392 382571
9 4
526844 858848
108281 579728
176355 92894
734280 438425
323600 641886
195351 57594
765403 101470
555084 993985
712226 753290
8 3
288081 94
28023 2224
27723 2665
26740 2154
24449 2964
21851 2632
25836 2472
263714 57
5 3
306306 18204
95571 58344
309468 18018
13653 408408
65637 84952
2 1
457267 652495
753953 570295
1 1
1 1
4 3
8436 738738
81918 76076
888888 7011
26936 231363
10 3
21085 2263
254827 38
25565 2106
275308 46
26295 2801
20369 2516
25699 2407
24736 2923
21690 2658
200064 14
6 1
21852 2444
25196 2907
29025 2664
285807 3
23866 2215
243088 32
8 5
767453 427234
22823 497377
436425 402961
586187 911215
912662 69565
378261 842340
120190 455132
79624 62453
5 1
608355 380944
873985 43382
918787 725042
679648 872474
195858 393689
4 2
578254 108823
93737 671318
64329 978211
322136 195344
5 3
289067 151566
209515 209115
45655 959648
684820 63977
353925 123791
6 2
605633 98426
927366 359914
983549 492666
361965 789080
609378 527285
820811 854023
6 4
574220 57588
963834 34309
416691 79359
37348 885407
345963 95583
355045 93138
8 2
3843 373522
3432 311616
3384 310523
3760 321633
11560 51
3901 317468
3569 310224
12398 47
5 3
154008 307951
573426 82708
66584 712287
240219 197432
85608 554001
10 6
8568 460317
200651 19656
74074 53244
26796 147186
89726 43956
32538 121212
9828 401302
539682 7308
22533 175032
67932 58058
10 3
25417 2380
224672 7
25852 2504
29309 2234
27110 2478
28801 2683
204910 66
260817 91
27471 2416
21546 2962
8 3
206420 116466
240085 100135
862578 27871
114629 209728
695427 34570
29293 820705
757051 31756
196509 122340
3 1
13463 94
3457 381246
3336 369723
2 2
261096 33579
621621 14104
9 5
12012 474858
64584 88319
27807 205128
62062 91908
113553 50232
88803 64232
29946 190476
7843 727272
203112 28083
7 5
754824 2834
678021 36502
249555 139570
276575 299175
598746 201912
405791 996918
807904 866119
7 3
123712 382716
75529 626866
69144 684753
372611 127067
254750 185855
973508 48635
97456 485825
5 2
3521 390419
12693 94
16532 75
3447 313639
3374 394420
9 4
21999 2137
29776 2666
20952 2327
26126 2046
21716 2861
201958 21
21256 2831
294172 77
20437 2444
10 10
1000000 1000000
1000000 1000000
1000000 1000000
1000000 1000000
1000000 1000000
1000000 1000000
1000000 1000000
1000000 1000000
1000000 1000000
1000000 1000000
7 4
145693 613293
334636 267014
688630 129754
842646 106038
194818 458646
180567 494844
275514 324312
7 4
28453 2613
201481 44
20716 2346
22728 2137
26960 2071
20849 2045
236438 48
7 4
639565 169551
257580 561028
113347 761125
496060 418628
266903 23475
564121 760564
448171 159766
8 5
16871 710705
481577 24898
930563 12885
24100 497523
91338 131274
75424 158972
108433 110578
183453 65359
9 6
3442 325034
14083 33
18723 100
3629 309970
3796 349594
3487 358561
3232 322041
3980 357571
3153 374959
9 6
219065 437784
283272 338555
495908 193389
137983 695036
122546 782589
710599 134961
607351 157904
252636 379610
901320 106403
6 4
33497 745416
63468 393414
199752 125001
617652 40426
26187 953496
488376 51127
8 2
297140 69
23363 2469
26193 2223
22060 2763
283095 48
27407 2567
22961 2886
22057 2242
3 2
34188 204102
308154 22644
148074 47124
9 2
154378 164008
865492 997632
125377 243080
768028 964057
114672 704547
462954 536382
599601 497369
658240 953141
506536 306359
8 6
14568 63
3915 315649
3647 312051
3789 346330
3501 394260
10393 39
3317 312319
3341 399884
6 3
75929 896013
193292 351972
218830 310896
218830 310896
730646 93114
155344 437953
5 2
416422 909645
672945 822944
104649 942642
31978 124582
4256 30247
5 3
3040 324408
19610 82
3241 331107
3503 373743
15176 77
9 3
74017 933923
144561 478180
951077 72682
176997 390550
291395 237225
133491 517834
99024 698075
219140 315443
492931 140235
8 5
22542 2752
242844 91
21823 2667
278827 88
27353 2090
23590 2121
20498 2650
20953 2554
9 2
96591 155755
22326 673857
173408 86758
42027 357973
21656 694705
260115 57838
913728 16465
438744 34290
186280 80763
2 2
33411 390456
89397 145928
9 5
3090 345969
3689 347850
10512 5
3991 368924
3689 324432
3089 343685
3356 309047
3294 352480
11658 4
4 2
171347 401031
708166 401802
237828 386018
479628 473975
9 3
282916 72
20956 2605
292438 85
20888 2226
20625 2622
23569 2580
28656 2277
24686 2346
25440 2352
3 2
210700 92561
36306 537173
678493 28744
5 3
3132 321282
3308 387008
14287 26
3394 390707
17875 21
5 3
18672 9
3532 358656
3659 338149
15253 47
3440 342101
9 5
227106 99876
85239 266104
365893 61992
743589 30504
50061 453096
623007 36408
32116 706266
61938 366212
467236 48546
4 1
207032 25
29731 2794
23121 2409
24999 2546
5 2
60931 515596
34245 917383
46911 669689
31416 999993
220742 142319
2 1
340901 670542
530851 132826
2 1
3533 317036
10913 97
2 1
133440 514628
872303 709744
7 3
3814 370096
3821 367921
3306 328500
14340 58
3129 315290
14947 39
3401 324561
9 4
877941 733427
754567 526589
890017 762493
677362 696910
971106 719112
676734 447628
722544 881738
203871 269252
334684 527748
9 4
69315 919735
387055 194660
74402 936308
671855 605386
942658 357406
746617 942884
238649 209160
181444 769653
250184 617553
4 2
22078 2112
20348 2014
27142 2552
215443 84
7 5
13824 29
3366 329365
3125 329491
3385 370604
10912 27
3709 361875
3345 304239
3 2
22966 2361
29248 2586
235103 7
6 4
576114 33948
446039 43848
328164 59598
65274 299628
162196 120582
567686 34452
2 1
674265 61361
392561 105394
8 4
219300 503331
684483 286916
443917 351354
613237 297379
141041 275666
763873 382578
637472 321089
329026 510147
6 4
18354 289476
13244 401166
572033 9288
51612 102942
6831 777784
14168 375003
7 4
34713 837384
599256 48507
351944 82593
183483 158424
40774 712908
574287 50616
126063 230584
5 1
25598 2611
28749 2424
28147 2106
274861 78
286653 5
3 1
249045 63
20077 2421
20493 2278
6 3
20155 2259
22876 2835
27628 2544
226023 51
20881 2252
255923 41
4 3
26130 2598
27457 2671
28776 2333
278258 65
10 6
611754 10332
36036 175398
91512 69069
100737 62744
62062 101844
154008 41041
23436 269698
564696 11193
93093 67896
263097 24024
4 3
7812 874038
518568 13167
324632 21033
11628 587202
4 2
15653 48
3757 371639
3432 393246
3990 380342
7 1
17321 42
19322 18
3202 325225
3703 381867
3293 306476
3360 363035
3543 317919
4 3
561061 952975
870532 644351
462796 470468
113830 88031
10 6
247951 14
234577 24
29549 2824
24731 2745
22416 2773
238893 17
29241 2468
26856 2230
23199 2882
27362 2528
