100
2 1
100 20
200 10
2 2
100 20
200 10
3 2
100 10
100 10
100 10
4 2
9 3
7 1
10 1
8 4
8 2
26271 2465
229138 77
23987 2140
236423 9
22054 2655
29166 2975
24617 2423
23285 2828
7 3
43931 875710
126309 304577
563708 68246
713334 53931
428129 89858
41305 931384
314245 122423
8 5
22080 817468
223104 105100
323077 270006
354251 813277
228364 584875
429269 606733
556703 484872
550327 405589
2 2
245014 97092
257796 92278
8 5
621977 423374
592406 306371
188467 611030
984401 966710
135730 665520
470179 204357
866682 455933
908451 581189
6 4
27590 2462
211488 21
28870 2392
244053 33
20431 2953
29047 2229
8 5
3086 387472
3105 316807
3547 340420
18276 96
3359 366332
10033 84
3554 380991
3976 336012
4 1
28460 2251
29840 2001
25539 2361
256195 24
4 1
3887 375581
3909 359842
15213 84
3750 388539
5 3
105651 104632
91553 120744
26796 412542
402948 27434
52374 211068
9 2
46246 260457
47734 257195
587294 823383
615129 861174
495467 226420
327326 686055
126127 823520
764917 763059
943006 232392
2 2
752284 11718
10881 810152
2 1
573169 458039
560898 629505
9 2
86088 761792
448550 146207
811437 80821
945164 69386
81782 801902
661027 99211
772570 84887
125001 524645
236103 277765
7 5
26682 2248
21328 2863
218544 28
28513 2106
27860 2276
292675 39
28321 2101
6 4
482328 13243
393414 16236
32718 195228
745503 8568
6426 994004
130872 48807
10 3
92180 266708
62464 393589
46524 528440
937720 26218
217689 112937
33099 742776
446078 55114
185899 132250
399583 61527
542431 45324
3 1
3206 355711
3977 321706
11823 54
9 5
256824 62909
987624 16359
288057 56088
65436 246906
145464 111069
238392 67773
639711 25256
74907 215688
188727 85608
3 1
948958 233962
238465 521153
823565 251412
4 3
15249 453096
208104 33201
222456 31059
186354 37076
10 2
3094 387984
3475 320711
3668 358299
3409 395140
12261 53
19300 8
3864 383933
3916 390897
3568 366295
13830 15
9 2
154417 463795
250525 285871
102290 700145
312029 229523
742246 96488
223030 321113
826738 86627
82287 870342
319547 224123
3 2
3852 308949
19227 83
3976 333933
5 3
398412 102254
213528 190791
256824 158627
141491 287928
49938 815796
6 4
492246 34188
540792 31119
31119 540792
528264 31857
191142 88044
47817 351944
2 1
490519 172184
424890 612085
10 2
782779 702701
216017 143981
381061 277697
671877 528973
645995 541950
907846 921406
894528 753352
228704 729818
674073 70879
735768 445632
5 1
3697 334902
11700 14
16328 82
3337 363077
3170 395877
10 2
27560 2932
248464 6
28186 2992
24223 2573
28039 2243
233007 23
27331 2805
221723 89
21435 2806
21890 2141
3 1
707907 898469
394399 41733
558229 988827
1 1
1 1
5 3
40698 141636
8874 649572
283272 20349
585684 9842
255374 22572
5 2
417274 649543
994929 358563
843651 18060
678 880761
615844 855124
2 1
3124 389647
12288 59
9 5
3324 382307
3455 359006
11626 94
3148 341455
3770 330929
14575 16
3109 371501
3838 390598
3023 352759
6 3
27628 2254
23906 2509
20604 2471
20659 2570
296120 29
278271 4
9 5
452088 29971
539478 25116
37674 359652
21528 629391
50232 269739
27846 486588
35581 380808
351288 38571
199563 67896
4 2
251306 193641
604744 80469
167896 289841
64304 756767
8 6
495826 181029
612605 146520
437349 205234
220211 407604
591223 151819
112332 799050
212663 422071
641997 139812
10 6
45066 500004
26622 846412
343656 65569
94772 237762
55944 402781
57942 388892
244644 92106
337212 66822
276834 81396
583338 38628
10 5
3383 385059
3078 336612
3226 361490
3642 377868
12510 97
16970 61
18082 84
3941 362743
3827 378275
3115 349357
6 1
14218 46
3104 373507
3387 374381
3917 371973
13913 85
3624 342846
10 6
85914 339388
578088 50439
200466 145452
135864 214613
98532 295926
171828 169694
138159 211048
89096 327267
643839 45288
91908 317254
4 3
205227 60
21332 2719
21392 2233
29128 2198
9 5
210366 15708
522522 6324
237336 13923
106488 31031
121737 27144
29172 113274
292842 11284
101556 32538
6699 493272
6 4
911064 15867
39732 363834
706266 20468
407253 35496
204508 70686
341649 42312
10 10
1000000 1000000
1000000 1000000
1000000 1000000
1000000 1000000
1000000 1000000
1000000 1000000
1000000 1000000
1000000 1000000
1000000 1000000
1000000 1000000
9 2
11471 64
3482 322039
3173 362496
3383 331347
3571 375754
3093 361970
3392 323829
18931 30
3434 382298
8 2
258443 381479
212256 464489
326567 301900
312484 315506
487110 202399
107622 916082
197809 498413
698986 141048
4 3
865674 15428
262276 50922
67773 197064
34776 384047
5 2
936889 943045
136178 185415
133466 961232
79590 174828
729467 772519
10 2
3621 332736
18066 22
3368 324851
11325 29
18947 43
3327 376282
3918 397730
3155 359584
3001 309728
3737 316134
10 5
25717 2091
210022 82
244681 54
21273 2973
224830 8
26492 2815
22638 2320
26241 2530
21099 2266
23458 2054
9 5
471197 125488
60327 980151
708444 83464
628256 94117
556278 106295
78665 751663
164902 358574
825129 71661
393591 150231
8 5
24578 2334
21414 2788
25659 2154
20337 2716
22595 2261
281854 60
237454 96
26049 2927
3 1
21691 2674
237251 93
21854 2788
3 1
120833 604080
201209 935544
437172 385104
2 2
73899 394568
316572 92106
9 3
534809 52711
137369 205216
391592 71989
509439 55336
432274 65214
648799 43450
283334 99495
63930 440956
45074 625423
2 1
3580 393077
13035 49
5 1
585444 789992
767397 97388
578058 841967
7 567494
984396 599944
4 2
3533 374466
14873 94
3027 302724
3098 350120
9 4
886900 685518
477744 856592
363982 802370
979966 222722
705146 935677
377323 575656
372808 128841
14343 238603
220725 678487
8 3
20551 2873
22868 2215
21307 2357
274457 31
25239 2654
28612 2949
28950 2348
289237 5
7 2
926583 664074
588488 852035
329381 121079
881127 694601
165365 903583
183458 797347
274595 732982
8 5
708583 998375
465385 762694
685728 549150
341501 343521
177028 54421
680341 803784
347315 601264
467668 261612
8 5
23459 2275
24358 2714
28212 2810
293846 72
23479 2053
29872 2024
256411 53
27578 2982
8 3
750138 705148
253311 408476
676457 927379
5689 704526
832254 383866
466973 145216
790640 498152
682081 416429
6 4
51832 118881
13464 457653
63954 96348
794871 7752
23199 265608
15903 387464
2 1
975227 882317
104342 572047
8 2
22689 2358
25311 2984
23758 2205
21916 2357
243429 15
256518 34
22694 2914
24294 2526
10 6
39501 155992
95931 64232
63954 96348
15903 387464
720936 8547
305102 20196
73656 83657
130758 47124
706552 8721
48174 127908
4 1
226008 805150
838317 53997
385331 850789
363819 142369
3 1
358003 35662
18812 678668
28636 445841
2 1
559201 98728
106293 519402
9 5
25377 2750
227559 17
21637 2630
22233 2842
262964 50
23908 2959
26047 2972
25202 2408
25176 2797
10 3
266693 1
255425 16
22466 2033
20178 2926
213567 91
20933 2048
21668 2784
26546 2632
24690 2646
27910 2539
5 2
3999 300273
3467 377956
3939 306378
15280 71
13388 100
10 2
492627 138891
176439 387791
303483 225454
86609 790004
182447 375021
284343 240630
762764 89702
694007 98589
71577 955914
510288 134084
10 2
563860 154025
906419 95815
761983 113977
686170 126570
221575 391960
95802 906542
541281 160450
934438 92942
730710 118855
784405 110719
7 3
14006 20
3469 315179
3944 363201
3956 335564
3625 359450
3685 354659
13648 58
7 2
25395 2863
22803 2705
259708 12
21504 2826
20105 2113
26835 2877
264574 47
8 4
985358 831655
826772 900859
648997 752825
502494 449208
378314 810553
240193 506932
561977 324336
963295 799447
3 1
46477 315262
802917 18249
722186 20289
8 6
3469 329483
3899 339500
3421 371433
3298 354815
10254 79
19435 10
3252 368011
3008 334793
2 2
196308 41106
238374 33852
3 2
18639 80
3669 345745
3066 371367
7 3
424579 166807
501141 141323
528899 133906
860868 82269
820962 86268
232240 304955
96044 737399
9 3
23708 2744
206480 65
26484 2072
29770 2164
26290 2902
28367 2659
258456 23
22985 2137
21169 2670
8 6
220248 43
23398 2611
21699 2391
27601 2239
28089 2668
26752 2369
283617 24
21127 2275
7 1
449829 121718
880460 62186
182087 300693
59611 918493
497644 110023
755527 72469
96325 568412
8 3
130000 718749
108758 859131
873173 107009
138371 675267
178592 523189
555289 168268
193058 483986
431014 216785
10 5
927078 48075
360552 123614
90169 494286
514075 86698
146896 303407
67572 659582
757041 58873
675845 65946
832215 53555
148145 300849
9 2
215087 318233
108829 628948
189947 360352
80298 852422
214224 319515
426543 160471
120530 567890
598393 114386
968555 70670
9 4
3749 346154
3454 366053
3250 306613
17143 3
3060 388897
3007 382369
10308 13
3430 343031
3063 376756
